#BLOCK
0;0;1920;25
1895;0;25;1080
0;1055;1920;25
0;0;25;1080

75;75;1845;20
0;135;1845;20

75;195;1845;20
0;255;1845;20

75;315;1845;20
0;375;1845;20

75;435;1845;20
0;495;1845;20

75;555;1845;20
0;615;1845;20

#ENUMY
25;20;v
225;20;v
3125;20;v
425;20;v
5125;20;v
625;20;v
7125;20;v
825;20;v
9125;20;v
1025;20;v
11125;20;v
1225;20;v
13125;20;v
1425;20;v
15125;20;v
1625;20;v
17125;20;v
18125;20;v

50;668;h
50;776;h
50;884;h
50;992;h

50;680;d
50;880;d
250;880;d
250;680;d


#COIN
960;50
960;415
960;992


#FINISH
25;1005

#START
1870;25
